1
10028.01843158	10022.08944132	10010.36411028	9998.7761447	9975.828386700001	9952.89828854	9921.39915438	
10010.03900868	9986.22531648	9938.98363904	9892.159376	9799.3268148	9706.88196736	9581.284061472	
9979.95953501	9926.03375864	9818.60754716	9711.85953374	9500.7340394	9293.21807588	9018.516344786	
9919.39792325	9804.25631832	9573.906382359999	9345.655458860001	8903.6884629	8490.39843826	7980.907679436	
2
10037.013347614	10031.079380806	10019.344195564001	10007.745876326	9984.779473625	9961.828286069	9930.3033201163	
10019.018400644	9995.184393216	9947.902833	9901.039744508	9808.1263676	9715.603462531999	9589.8986501692	
9988.913142296	9934.941708791	9827.424112616	9720.583605458001	9509.283746269999	9301.587164837	9026.6563580732	
9928.299710483001	9813.05979049	9582.516217626	9354.07811954	8911.732828735001	8498.087368814999	7988.1698093164005	
3
10124.96962356	10118.992303167	10107.171320664	10095.488150154	10072.35397113	10049.234897427	10017.4803406689	
10106.843197836	10082.834875608	10035.20774784	9988.002515436001	9894.40994652	9801.210987216	9674.5884162576	
10076.518085667	10022.151786306	9913.849370106	9806.227331604001	9593.385365355	9384.171229158	9107.2269519891	
10015.4620387965	9899.379141234	9667.15348203	9437.045779293001	8991.47089467	8574.801890688	8061.1670919252	
4
10219.610084493	10213.283345214	10200.789044572	10188.681348086	10164.27596626	10139.76802788	10106.088037303001	
10200.410784832	10175.022408304001	10124.771517072	10075.8986816	9977.81252576	9880.091151792	9747.1861572296	
10168.316494058	10110.910378592	9996.978728971999	9886.109326634001	9665.72875973	9450.373525328	9163.3694353832	
10031.706	9981.590971403999	9737.175336812	9495.014095502	9027.05349921	8590.3262463	8032.9984343502	
1
10028.01843158	10022.08944132	10010.36411028	9998.7761447	9975.828386700001	9952.89828854	9921.39915438	
10010.03900868	9986.22531648	9938.98363904	9892.159376	9799.3268148	9706.88196736	9581.284061472	
9979.95953501	9926.03375864	9818.60754716	9711.85953374	9500.7340394	9293.21807588	9018.516344786	
9919.39792325	9804.25631832	9573.906382359999	9345.655458860001	8903.6884629	8490.39843826	7980.907679436	
2
10037.013347614	10031.079380806	10019.344195564001	10007.745876326	9984.779473625	9961.828286069	9930.3033201163	
10019.018400644	9995.184393216	9947.902833	9901.039744508	9808.1263676	9715.603462531999	9589.8986501692	
9988.913142296	9934.941708791	9827.424112616	9720.583605458001	9509.283746269999	9301.587164837	9026.6563580732	
9928.299710483001	9813.05979049	9582.516217626	9354.07811954	8911.732828735001	8498.087368814999	7988.1698093164005	
3
10124.96962356	10118.992303167	10107.171320664	10095.488150154	10072.35397113	10049.234897427	10017.4803406689	
10106.843197836	10082.834875608	10035.20774784	9988.002515436001	9894.40994652	9801.210987216	9674.5884162576	
10076.518085667	10022.151786306	9913.849370106	9806.227331604001	9593.385365355	9384.171229158	9107.2269519891	
10015.4620387965	9899.379141234	9667.15348203	9437.045779293001	8991.47089467	8574.801890688	8061.1670919252	
4
10219.610084493	10213.283345214	10200.789044572	10188.681348086	10164.27596626	10139.76802788	10106.088037303001	
10200.410784832	10175.022408304001	10124.771517072	10075.8986816	9977.81252576	9880.091151792	9747.1861572296	
10168.316494058	10110.910378592	9996.978728971999	9886.109326634001	9665.72875973	9450.373525328	9163.3694353832	
10031.706	9981.590971403999	9737.175336812	9495.014095502	9027.05349921	8590.3262463	8032.9984343502	
1
10028.01843158	10022.08944132	10010.36411028	9998.7761447	9975.828386700001	9952.89828854	9921.39915438	
10010.03900868	9986.22531648	9938.98363904	9892.159376	9799.3268148	9706.88196736	9581.284061472	
9979.95953501	9926.03375864	9818.60754716	9711.85953374	9500.7340394	9293.21807588	9018.516344786	
9919.39792325	9804.25631832	9573.906382359999	9345.655458860001	8903.6884629	8490.39843826	7980.907679436	
2
10037.013347614	10031.079380806	10019.344195564001	10007.745876326	9984.779473625	9961.828286069	9930.3033201163	
10019.018400644	9995.184393216	9947.902833	9901.039744508	9808.1263676	9715.603462531999	9589.8986501692	
9988.913142296	9934.941708791	9827.424112616	9720.583605458001	9509.283746269999	9301.587164837	9026.6563580732	
9928.299710483001	9813.05979049	9582.516217626	9354.07811954	8911.732828735001	8498.087368814999	7988.1698093164005	
3
10124.96962356	10118.992303167	10107.171320664	10095.488150154	10072.35397113	10049.234897427	10017.4803406689	
10106.843197836	10082.834875608	10035.20774784	9988.002515436001	9894.40994652	9801.210987216	9674.5884162576	
10076.518085667	10022.151786306	9913.849370106	9806.227331604001	9593.385365355	9384.171229158	9107.2269519891	
10015.4620387965	9899.379141234	9667.15348203	9437.045779293001	8991.47089467	8574.801890688	8061.1670919252	
4
10219.610084493	10213.283345214	10200.789044572	10188.681348086	10164.27596626	10139.76802788	10106.088037303001	
10200.410784832	10175.022408304001	10124.771517072	10075.8986816	9977.81252576	9880.091151792	9747.1861572296	
10168.316494058	10110.910378592	9996.978728971999	9886.109326634001	9665.72875973	9450.373525328	9163.3694353832	
10031.706	9981.590971403999	9737.175336812	9495.014095502	9027.05349921	8590.3262463	8032.9984343502	
1
10028.01843158	10022.08944132	10010.36411028	9998.7761447	9975.828386700001	9952.89828854	9921.39915438	
10010.03900868	9986.22531648	9938.98363904	9892.159376	9799.3268148	9706.88196736	9581.284061472	
9979.95953501	9926.03375864	9818.60754716	9711.85953374	9500.7340394	9293.21807588	9018.516344786	
9919.39792325	9804.25631832	9573.906382359999	9345.655458860001	8903.6884629	8490.39843826	7980.907679436	
2
10037.013347614	10031.079380806	10019.344195564001	10007.745876326	9984.779473625	9961.828286069	9930.3033201163	
10019.018400644	9995.184393216	9947.902833	9901.039744508	9808.1263676	9715.603462531999	9589.8986501692	
9988.913142296	9934.941708791	9827.424112616	9720.583605458001	9509.283746269999	9301.587164837	9026.6563580732	
9928.299710483001	9813.05979049	9582.516217626	9354.07811954	8911.732828735001	8498.087368814999	7988.1698093164005	
3
10124.96962356	10118.992303167	10107.171320664	10095.488150154	10072.35397113	10049.234897427	10017.4803406689	
10106.843197836	10082.834875608	10035.20774784	9988.002515436001	9894.40994652	9801.210987216	9674.5884162576	
10076.518085667	10022.151786306	9913.849370106	9806.227331604001	9593.385365355	9384.171229158	9107.2269519891	
10015.4620387965	9899.379141234	9667.15348203	9437.045779293001	8991.47089467	8574.801890688	8061.1670919252	
