0.011404398500000001	0.022862586	0.045784870000000005	0.06849809700000001	0.11247943	0.153607552	0.20430687079999998	
1
0.0005961299999999999	0.0011870200000000002	0.0023555800000000003	0.0035104499999999996	0.005797450000000001	0.00808269	0.01122193	
0.00238798	0.0047612800000000005	0.00946944	0.014136	0.0233878	0.03260096	0.045118191999999994	
0.005385735	0.010760040000000002	0.021466260000000004	0.03210489	0.053145899999999996	0.07382717999999999	0.10120427100000001	
0.011421375000000001	0.022896520000000004	0.045853460000000006	0.06860121	0.11264815	0.15383711	0.20461354599999998	
2
0.000596102	0.001186958	0.002355452	0.0035103179999999997	0.005797125	0.008082417	0.011221415899999998	
0.0023878920000000004	0.004761088	0.009469	0.014135244	0.0233868	0.032599476	0.0451161356	
0.0053855280000000005	0.010759563	0.021465288000000003	0.03210359399999999	0.05314311	0.073823841	0.1011992076	
0.011420919	0.022895570000000004	0.045851218000000006	0.06859721999999999	0.112642355	0.153829795	0.2046032252	
3
0.00059524	0.001185243	0.002352056	0.003505266	0.00578877	0.008070783	0.0112051781	
0.002384444	0.004754232	0.009455360000000001	0.014114844	0.02335308	0.032552464	0.0450509904	
0.005377743000000001	0.010744074000000001	0.021434274000000003	0.032057316	0.053066295	0.07371718199999999	0.1010535039	
0.011404398500000001	0.022862586	0.045784870000000005	0.06849809700000001	0.11247943	0.153607552	0.20430687079999998	
1
0.0005961299999999999	0.0011870200000000002	0.0023555800000000003	0.0035104499999999996	0.005797450000000001	0.00808269	0.01122193	
0.00238798	0.0047612800000000005	0.00946944	0.014136	0.0233878	0.03260096	0.045118191999999994	
0.005385735	0.010760040000000002	0.021466260000000004	0.03210489	0.053145899999999996	0.07382717999999999	0.10120427100000001	
0.011421375000000001	0.022896520000000004	0.045853460000000006	0.06860121	0.11264815	0.15383711	0.20461354599999998	
2
0.000596102	0.001186958	0.002355452	0.0035103179999999997	0.005797125	0.008082417	0.011221415899999998	
0.0023878920000000004	0.004761088	0.009469	0.014135244	0.0233868	0.032599476	0.0451161356	
0.0053855280000000005	0.010759563	0.021465288000000003	0.03210359399999999	0.05314311	0.073823841	0.1011992076	
0.011420919	0.022895570000000004	0.045851218000000006	0.06859721999999999	0.112642355	0.153829795	0.2046032252	
3
0.00059524	0.001185243	0.002352056	0.003505266	0.00578877	0.008070783	0.0112051781	
0.002384444	0.004754232	0.009455360000000001	0.014114844	0.02335308	0.032552464	0.0450509904	
0.005377743000000001	0.010744074000000001	0.021434274000000003	0.032057316	0.053066295	0.07371718199999999	0.1010535039	
0.011404398500000001	0.022862586	0.045784870000000005	0.06849809700000001	0.11247943	0.153607552	0.20430687079999998	
1
0.0005961299999999999	0.0011870200000000002	0.0023555800000000003	0.0035104499999999996	0.005797450000000001	0.00808269	0.01122193	
0.00238798	0.0047612800000000005	0.00946944	0.014136	0.0233878	0.03260096	0.045118191999999994	
0.005385735	0.010760040000000002	0.021466260000000004	0.03210489	0.053145899999999996	0.07382717999999999	0.10120427100000001	
0.011421375000000001	0.022896520000000004	0.045853460000000006	0.06860121	0.11264815	0.15383711	0.20461354599999998	
2
0.000596102	0.001186958	0.002355452	0.0035103179999999997	0.005797125	0.008082417	0.011221415899999998	
0.0023878920000000004	0.004761088	0.009469	0.014135244	0.0233868	0.032599476	0.0451161356	
0.0053855280000000005	0.010759563	0.021465288000000003	0.03210359399999999	0.05314311	0.073823841	0.1011992076	
0.011420919	0.022895570000000004	0.045851218000000006	0.06859721999999999	0.112642355	0.153829795	0.2046032252	
3
0.00059524	0.001185243	0.002352056	0.003505266	0.00578877	0.008070783	0.0112051781	
0.002384444	0.004754232	0.009455360000000001	0.014114844	0.02335308	0.032552464	0.0450509904	
0.005377743000000001	0.010744074000000001	0.021434274000000003	0.032057316	0.053066295	0.07371718199999999	0.1010535039	
0.011404398500000001	0.022862586	0.045784870000000005	0.06849809700000001	0.11247943	0.153607552	0.20430687079999998	
1
0.0005961299999999999	0.0011870200000000002	0.0023555800000000003	0.0035104499999999996	0.005797450000000001	0.00808269	0.01122193	
0.00238798	0.0047612800000000005	0.00946944	0.014136	0.0233878	0.03260096	0.045118191999999994	
0.005385735	0.010760040000000002	0.021466260000000004	0.03210489	0.053145899999999996	0.07382717999999999	0.10120427100000001	
0.011421375000000001	0.022896520000000004	0.045853460000000006	0.06860121	0.11264815	0.15383711	0.20461354599999998	
2
0.000596102	0.001186958	0.002355452	0.0035103179999999997	0.005797125	0.008082417	0.011221415899999998	
0.0023878920000000004	0.004761088	0.009469	0.014135244	0.0233868	0.032599476	0.0451161356	
0.0053855280000000005	0.010759563	0.021465288000000003	0.03210359399999999	0.05314311	0.073823841	0.1011992076	
0.011420919	0.022895570000000004	0.045851218000000006	0.06859721999999999	0.112642355	0.153829795	0.2046032252	
3
0.00059524	0.001185243	0.002352056	0.003505266	0.00578877	0.008070783	0.0112051781	
0.002384444	0.004754232	0.009455360000000001	0.014114844	0.02335308	0.032552464	0.0450509904	
0.005377743000000001	0.010744074000000001	0.021434274000000003	0.032057316	0.053066295	0.07371718199999999	0.1010535039	
0.011404398500000001	0.022862586	0.045784870000000005	0.06849809700000001	0.11247943	0.153607552	0.20430687079999998	
1
0.0005961299999999999	0.0011870200000000002	0.0023555800000000003	0.0035104499999999996	0.005797450000000001	0.00808269	0.01122193	
0.00238798	0.0047612800000000005	0.00946944	0.014136	0.0233878	0.03260096	0.045118191999999994	
0.005385735	0.010760040000000002	0.021466260000000004	0.03210489	0.053145899999999996	0.07382717999999999	0.10120427100000001	
0.011421375000000001	0.022896520000000004	0.045853460000000006	0.06860121	0.11264815	0.15383711	0.20461354599999998	
2
0.000596102	0.001186958	0.002355452	0.0035103179999999997	0.005797125	0.008082417	0.011221415899999998	
0.0023878920000000004	0.004761088	0.009469	0.014135244	0.0233868	0.032599476	0.0451161356	
0.0053855280000000005	0.010759563	0.021465288000000003	0.03210359399999999	0.05314311	0.073823841	0.1011992076	
0.011420919	0.022895570000000004	0.045851218000000006	0.06859721999999999	0.112642355	0.153829795	0.2046032252	
3
0.00059524	0.001185243	0.002352056	0.003505266	0.00578877	0.008070783	0.0112051781	
0.002384444	0.004754232	0.009455360000000001	0.014114844	0.02335308	0.032552464	0.0450509904	
0.005377743000000001	0.010744074000000001	0.021434274000000003	0.032057316	0.053066295	0.07371718199999999	0.1010535039	
0.011404398500000001	0.022862586	0.045784870000000005	0.06849809700000001	0.11247943	0.153607552	0.20430687079999998	
1
0.0005961299999999999	0.0011870200000000002	0.0023555800000000003	0.0035104499999999996	0.005797450000000001	0.00808269	0.01122193	
0.00238798	0.0047612800000000005	0.00946944	0.014136	0.0233878	0.03260096	0.045118191999999994	
0.005385735	0.010760040000000002	0.021466260000000004	0.03210489	0.053145899999999996	0.07382717999999999	0.10120427100000001	
0.011421375000000001	0.022896520000000004	0.045853460000000006	0.06860121	0.11264815	0.15383711	0.20461354599999998	
2
0.000596102	0.001186958	0.002355452	0.0035103179999999997	0.005797125	0.008082417	0.011221415899999998	
0.0023878920000000004	0.004761088	0.009469	0.014135244	0.0233868	0.032599476	0.0451161356	
0.0053855280000000005	0.010759563	0.021465288000000003	0.03210359399999999	0.05314311	0.073823841	0.1011992076	
0.011420919	0.022895570000000004	0.045851218000000006	0.06859721999999999	0.112642355	0.153829795	0.2046032252	
3
0.00059524	0.001185243	0.002352056	0.003505266	0.00578877	0.008070783	0.0112051781	
0.002384444	0.004754232	0.009455360000000001	0.014114844	0.02335308	0.032552464	0.0450509904	
0.005377743000000001	0.010744074000000001	0.021434274000000003	0.032057316	0.053066295	0.07371718199999999	0.1010535039	
0.011404398500000001	0.022862586	0.045784870000000005	0.06849809700000001	0.11247943	0.153607552	0.20430687079999998	
1
0.0005961299999999999	0.0011870200000000002	0.0023555800000000003	0.0035104499999999996	0.005797450000000001	0.00808269	0.01122193	
0.00238798	0.0047612800000000005	0.00946944	0.014136	0.0233878	0.03260096	0.045118191999999994	
0.005385735	0.010760040000000002	0.021466260000000004	0.03210489	0.053145899999999996	0.07382717999999999	0.10120427100000001	
0.011421375000000001	0.022896520000000004	0.045853460000000006	0.06860121	0.11264815	0.15383711	0.20461354599999998	
2
0.000596102	0.001186958	0.002355452	0.0035103179999999997	0.005797125	0.008082417	0.011221415899999998	
0.0023878920000000004	0.004761088	0.009469	0.014135244	0.0233868	0.032599476	0.0451161356	
0.0053855280000000005	0.010759563	0.021465288000000003	0.03210359399999999	0.05314311	0.073823841	0.1011992076	
0.011420919	0.022895570000000004	0.045851218000000006	0.06859721999999999	0.112642355	0.153829795	0.2046032252	
3
0.00059524	0.001185243	0.002352056	0.003505266	0.00578877	0.008070783	0.0112051781	
0.002384444	0.004754232	0.009455360000000001	0.014114844	0.02335308	0.032552464	0.0450509904	
0.005377743000000001	0.010744074000000001	0.021434274000000003	0.032057316	0.053066295	0.07371718199999999	0.1010535039	
0.011404398500000001	0.022862586	0.045784870000000005	0.06849809700000001	0.11247943	0.153607552	0.20430687079999998	
1
0.0005961299999999999	0.0011870200000000002	0.0023555800000000003	0.0035104499999999996	0.005797450000000001	0.00808269	0.01122193	
0.00238798	0.0047612800000000005	0.00946944	0.014136	0.0233878	0.03260096	0.045118191999999994	
0.005385735	0.010760040000000002	0.021466260000000004	0.03210489	0.053145899999999996	0.07382717999999999	0.10120427100000001	
0.011421375000000001	0.022896520000000004	0.045853460000000006	0.06860121	0.11264815	0.15383711	0.20461354599999998	
2
0.000596102	0.001186958	0.002355452	0.0035103179999999997	0.005797125	0.008082417	0.011221415899999998	
0.0023878920000000004	0.004761088	0.009469	0.014135244	0.0233868	0.032599476	0.0451161356	
0.0053855280000000005	0.010759563	0.021465288000000003	0.03210359399999999	0.05314311	0.073823841	0.1011992076	
0.011420919	0.022895570000000004	0.045851218000000006	0.06859721999999999	0.112642355	0.153829795	0.2046032252	
3
0.00059524	0.001185243	0.002352056	0.003505266	0.00578877	0.008070783	0.0112051781	
0.002384444	0.004754232	0.009455360000000001	0.014114844	0.02335308	0.032552464	0.0450509904	
0.005377743000000001	0.010744074000000001	0.021434274000000003	0.032057316	0.053066295	0.07371718199999999	0.1010535039	
0.011404398500000001	0.022862586	0.045784870000000005	0.06849809700000001	0.11247943	0.153607552	0.20430687079999998	
1
0.0005961299999999999	0.0011870200000000002	0.0023555800000000003	0.0035104499999999996	0.005797450000000001	0.00808269	0.01122193	
0.00238798	0.0047612800000000005	0.00946944	0.014136	0.0233878	0.03260096	0.045118191999999994	
0.005385735	0.010760040000000002	0.021466260000000004	0.03210489	0.053145899999999996	0.07382717999999999	0.10120427100000001	
0.011421375000000001	0.022896520000000004	0.045853460000000006	0.06860121	0.11264815	0.15383711	0.20461354599999998	
2
0.000596102	0.001186958	0.002355452	0.0035103179999999997	0.005797125	0.008082417	0.011221415899999998	
0.0023878920000000004	0.004761088	0.009469	0.014135244	0.0233868	0.032599476	0.0451161356	
0.0053855280000000005	0.010759563	0.021465288000000003	0.03210359399999999	0.05314311	0.073823841	0.1011992076	
0.011420919	0.022895570000000004	0.045851218000000006	0.06859721999999999	0.112642355	0.153829795	0.2046032252	
3
0.00059524	0.001185243	0.002352056	0.003505266	0.00578877	0.008070783	0.0112051781	
0.002384444	0.004754232	0.009455360000000001	0.014114844	0.02335308	0.032552464	0.0450509904	
0.005377743000000001	0.010744074000000001	0.021434274000000003	0.032057316	0.053066295	0.07371718199999999	0.1010535039	
0.011404398500000001	0.022862586	0.045784870000000005	0.06849809700000001	0.11247943	0.153607552	0.20430687079999998	
1
0.0005961299999999999	0.0011870200000000002	0.0023555800000000003	0.0035104499999999996	0.005797450000000001	0.00808269	0.01122193	
0.00238798	0.0047612800000000005	0.00946944	0.014136	0.0233878	0.03260096	0.045118191999999994	
0.005385735	0.010760040000000002	0.021466260000000004	0.03210489	0.053145899999999996	0.07382717999999999	0.10120427100000001	
0.011421375000000001	0.022896520000000004	0.045853460000000006	0.06860121	0.11264815	0.15383711	0.20461354599999998	
2
0.000596102	0.001186958	0.002355452	0.0035103179999999997	0.005797125	0.008082417	0.011221415899999998	
0.0023878920000000004	0.004761088	0.009469	0.014135244	0.0233868	0.032599476	0.0451161356	
0.0053855280000000005	0.010759563	0.021465288000000003	0.03210359399999999	0.05314311	0.073823841	0.1011992076	
0.011420919	0.022895570000000004	0.045851218000000006	0.06859721999999999	0.112642355	0.153829795	0.2046032252	
3
0.00059524	0.001185243	0.002352056	0.003505266	0.00578877	0.008070783	0.0112051781	
0.002384444	0.004754232	0.009455360000000001	0.014114844	0.02335308	0.032552464	0.0450509904	
0.005377743000000001	0.010744074000000001	0.021434274000000003	0.032057316	0.053066295	0.07371718199999999	0.1010535039	
0.011404398500000001	0.022862586	0.045784870000000005	0.06849809700000001	0.11247943	0.153607552	0.20430687079999998	
