1
0.0005961299999999999	0.0011870200000000002	0.0023555800000000003	0.0035104499999999996	0.005797450000000001	0.00808269	0.01122193	
0.00238798	0.0047612800000000005	0.00946944	0.014136	0.0233878	0.03260096	0.045118191999999994	
0.005385735	0.010760040000000002	0.021466260000000004	0.03210489	0.053145899999999996	0.07382717999999999	0.10120427100000001	
0.011421375000000001	0.022896520000000004	0.045853460000000006	0.06860121	0.11264815	0.15383711	0.20461354599999998	
2
0.000596102	0.001186958	0.002355452	0.0035103179999999997	0.005797125	0.008082417	0.011221415899999998	
0.0023878920000000004	0.004761088	0.009469	0.014135244	0.0233868	0.032599476	0.0451161356	
0.0053855280000000005	0.010759563	0.021465288000000003	0.03210359399999999	0.05314311	0.073823841	0.1011992076	
0.011420919	0.022895570000000004	0.045851218000000006	0.06859721999999999	0.112642355	0.153829795	0.2046032252	
3
0.00059524	0.001185243	0.002352056	0.003505266	0.00578877	0.008070783	0.0112051781	
0.002384444	0.004754232	0.009455360000000001	0.014114844	0.02335308	0.032552464	0.0450509904	
0.005377743000000001	0.010744074000000001	0.021434274000000003	0.032057316	0.053066295	0.07371718199999999	0.1010535039	
0.011404398500000001	0.022862586	0.045784870000000005	0.06849809700000001	0.11247943	0.153607552	0.20430687079999998	
4
0.0006248695	0.0012435610000000002	0.0024653780000000003	0.0036493890000000003	0.00603599	0.00843262	0.0117261845	
0.002502368	0.0049850960000000005	0.009899128000000002	0.014678399999999998	0.024270240000000002	0.033826407999999995	0.0468231804	
0.005640867	0.011254608000000001	0.022395978	0.033237891	0.054788895	0.075848472	0.1039145868	
0.019	0.023900746	0.04780213800000001	0.071483073	0.117244915	0.15995245	0.2144535073	
1
5.981568419999999	11.910558680000003	23.635889720000005	35.2238553	58.17161330000001	81.10171146	112.60084562	
23.96099132	47.77468352	95.01636096000001	141.840624	234.6731852	327.11803263999997	452.7159385279999	
54.04046499	107.96624136000003	215.39245284000003	322.14046626	533.2659606	740.7819241199999	1015.4836552140001	
114.60207675000001	229.74368168000004	460.09361764000005	688.3445411399999	1130.3115371000001	1543.60156174	2053.0923205639997	
2
5.986652386	11.920619193999999	23.655804436	35.254123674	58.220526375	81.171713931	112.69667988369999	
23.981599356000004	47.815606784	95.097167	141.960255492	234.8736324	327.396537468	453.1013498308	
54.086857704	108.058291209	215.57588738400003	322.4163945419999	533.71625373	741.4128351630001	1016.3436419267999	
114.700289517	229.94020951000005	460.48378237400004	688.9218804599999	1131.267171265	1544.912631185	2054.8301906836	
3
6.03037644	12.007696833	23.828679336	35.511849846	58.64602887	81.765102573	113.51965933109999	
24.156802164	48.165124391999996	95.79225216000002	142.997484564	236.59005348	329.789012784	456.41158374239996	
54.481914333000006	108.84821369400001	217.15062989400002	324.77266839600003	537.614634645	746.8287708419999	1023.7730480109	
115.53796120350002	231.620858766	463.84651797000004	693.9542207070001	1139.52910533	1556.198109312	2069.8329080748	
4
6.3899155069999996	12.716654786000003	25.210955428000002	37.318651914	61.724033739999996	86.23197212	119.911962697	
25.589215168	50.977591696000005	101.22848292800002	150.10131839999997	248.18747424000003	345.90884820799994	478.81384277039996	
57.683505942	115.08962140800001	229.021271028	339.890673366	560.27124027	775.626474672	1062.6305646168	
194.29399999999998	244.409028596	488.8246631880001	730.985904498	1198.94650079	1635.6737537	2193.0015656498003	
1
10028.01843158	10022.08944132	10010.36411028	9998.7761447	9975.828386700001	9952.89828854	9921.39915438	
10010.03900868	9986.22531648	9938.98363904	9892.159376	9799.3268148	9706.88196736	9581.284061472	
9979.95953501	9926.03375864	9818.60754716	9711.85953374	9500.7340394	9293.21807588	9018.516344786	
9919.39792325	9804.25631832	9573.906382359999	9345.655458860001	8903.6884629	8490.39843826	7980.907679436	
2
10037.013347614	10031.079380806	10019.344195564001	10007.745876326	9984.779473625	9961.828286069	9930.3033201163	
10019.018400644	9995.184393216	9947.902833	9901.039744508	9808.1263676	9715.603462531999	9589.8986501692	
9988.913142296	9934.941708791	9827.424112616	9720.583605458001	9509.283746269999	9301.587164837	9026.6563580732	
9928.299710483001	9813.05979049	9582.516217626	9354.07811954	8911.732828735001	8498.087368814999	7988.1698093164005	
3
10124.96962356	10118.992303167	10107.171320664	10095.488150154	10072.35397113	10049.234897427	10017.4803406689	
10106.843197836	10082.834875608	10035.20774784	9988.002515436001	9894.40994652	9801.210987216	9674.5884162576	
10076.518085667	10022.151786306	9913.849370106	9806.227331604001	9593.385365355	9384.171229158	9107.2269519891	
10015.4620387965	9899.379141234	9667.15348203	9437.045779293001	8991.47089467	8574.801890688	8061.1670919252	
4
10219.610084493	10213.283345214	10200.789044572	10188.681348086	10164.27596626	10139.76802788	10106.088037303001	
10200.410784832	10175.022408304001	10124.771517072	10075.8986816	9977.81252576	9880.091151792	9747.1861572296	
10168.316494058	10110.910378592	9996.978728971999	9886.109326634001	9665.72875973	9450.373525328	9163.3694353832	
10031.706	9981.590971403999	9737.175336812	9495.014095502	9027.05349921	8590.3262463	8032.9984343502	
